[gd_scene format=3 uid="uid://cydlfh60vug8l"]

[ext_resource type="PackedScene" uid="uid://cadotjj30ar4m" path="res://scenes/Landscape.tscn" id="1_rm317"]
[ext_resource type="PackedScene" uid="uid://dnoamyda8dfvv" path="res://scenes/1_cubic.tscn" id="2_2cirn"]
[ext_resource type="PackedScene" uid="uid://b7fa7pd6gg6wr" path="res://scenes/game_view.tscn" id="3_h8xtk"]
[ext_resource type="PackedScene" uid="uid://dp7rcb4c0f3yw" path="res://assets/props/M_Roy/SM_Wall3.glb" id="4_o7lpm"]
[ext_resource type="ArrayMesh" uid="uid://bwh3fe1k12mvs" path="res://assets/props/SM_MetalContainer_A_SM_MetalContainer_A.res" id="5_y0qf7"]
[ext_resource type="ArrayMesh" uid="uid://dsiwxb5xhpp8x" path="res://assets/props/SM_MetalWavySheet_A_001.res" id="6_sxf7r"]
[ext_resource type="ArrayMesh" uid="uid://cbi0slmw3t817" path="res://assets/props/SM_TrashContainer_A.res" id="7_r12iq"]
[ext_resource type="ArrayMesh" uid="uid://cd61fna2bkel1" path="res://assets/props/SM_WheelieBin_A.res" id="8_8283u"]
[ext_resource type="PackedScene" uid="uid://m5ebuaqgnj2k" path="res://assets/props/M_Roy/SM_Garbage_bags.glb" id="9_oodvo"]
[ext_resource type="ArrayMesh" uid="uid://q5qcm0pay7pq" path="res://assets/props/SM_MetalBarrel_A.res" id="10_xsqcr"]
[ext_resource type="ArrayMesh" uid="uid://b4fmb7plcxgej" path="res://assets/props/SM_MetalWavySheet_B.res" id="11_l7m7l"]

[sub_resource type="ProceduralSkyMaterial" id="ProceduralSkyMaterial_4duur"]
sky_top_color = Color(0.2629906, 0.43136442, 0.78330857, 1)
sky_horizon_color = Color(0.7345609, 0.6236303, 0.78109884, 1)
ground_bottom_color = Color(0.17335007, 0.14485988, 0.30643228, 1)
ground_horizon_color = Color(0.73333335, 0.62352943, 0.78039217, 1)

[sub_resource type="Sky" id="Sky_5hyia"]
sky_material = SubResource("ProceduralSkyMaterial_4duur")

[sub_resource type="Environment" id="Environment_8el2m"]
background_mode = 2
sky = SubResource("Sky_5hyia")
tonemap_mode = 2
ssao_enabled = true
glow_enabled = true

[sub_resource type="BoxShape3D" id="BoxShape3D_a141m"]
size = Vector3(256, 1, 256)

[sub_resource type="BoxMesh" id="BoxMesh_3dnxu"]

[sub_resource type="BoxShape3D" id="BoxShape3D_8thdg"]
size = Vector3(1.1677551, 1.5752258, 2.0423584)

[node name="MechanicsGym" type="Node3D" unique_id=1468441563]

[node name="Landscape" parent="." unique_id=2039633298 instance=ExtResource("1_rm317")]

[node name="Environment" type="Node3D" parent="." unique_id=102310706]

[node name="WorldEnvironment" type="WorldEnvironment" parent="Environment" unique_id=606443276]
environment = SubResource("Environment_8el2m")

[node name="DirectionalLight3D" type="DirectionalLight3D" parent="Environment" unique_id=525878485]
transform = Transform3D(-0.8660254, -0.43301278, 0.25, 0, 0.49999997, 0.86602545, -0.50000006, 0.75, -0.43301266, 31.045214, 17.45096, 4.4677563)
shadow_enabled = true

[node name="Floor" type="StaticBody3D" parent="Environment" unique_id=756057865]
transform = Transform3D(1, 0, 0, 0, 1, 0, 0, 0, 1, 0, -0.5, 0)
collision_layer = 129

[node name="CollisionShape3D" type="CollisionShape3D" parent="Environment/Floor" unique_id=431830293]
shape = SubResource("BoxShape3D_a141m")

[node name="MeshInstance3D" type="MeshInstance3D" parent="Environment/Floor" unique_id=1894721305]
transform = Transform3D(256, 0, 0, 0, 1, 0, 0, 0, 256, 0.015714645, -10.035919, 0.024580002)
mesh = SubResource("BoxMesh_3dnxu")

[node name="1Mcubes" type="Node3D" parent="Environment" unique_id=1809547852]
transform = Transform3D(0.9999968, -0.0017641634, 0.0018094945, 0.0017639193, 0.99999857, 0.00013585687, -0.0018097328, -0.00013264832, 0.99999845, 30.845613, 0, 0)

[node name="Wall NORTH" parent="Environment/1Mcubes" unique_id=1328690961 instance=ExtResource("2_2cirn")]
transform = Transform3D(22, 0, 0, 0, 5, 0, 0, 0, 1, 0, 0, 30)

[node name="Corner 1" parent="Environment/1Mcubes" unique_id=41756034 instance=ExtResource("2_2cirn")]
transform = Transform3D(5.1763816, 0, 0.9659258, 0, 5, 0, -19.318516, 0, 0.25881907, 8, 0, 20)

[node name="Corner 2" parent="Environment/1Mcubes" unique_id=938789376 instance=ExtResource("2_2cirn")]
transform = Transform3D(-5.176381, 0, 0.9659258, 0, 5, 0, -19.318516, 0, -0.25881904, -8, 0, 20)

[node name="Corner 3" parent="Environment/1Mcubes" unique_id=1614325483 instance=ExtResource("2_2cirn")]
transform = Transform3D(-5.176381, 0, 0.9659258, 0, 5, 0, -19.318516, 0, -0.25881904, 8, 0, -20)

[node name="Corner 4" parent="Environment/1Mcubes" unique_id=621551727 instance=ExtResource("2_2cirn")]
transform = Transform3D(5.1763825, -1.8553692e-10, 0.9659259, 1.6298145e-09, 5.000001, 3.6379788e-11, -19.318516, 0, 0.25881916, -8.107376, 0.05559122, -20.246622)

[node name="Wall SOUTH" parent="Environment/1Mcubes" unique_id=1499780378 instance=ExtResource("2_2cirn")]
transform = Transform3D(22, 0, 0, 0, 5, 0, 0, 0, 1, 0, 0, -30)

[node name="Wall EAST" parent="Environment/1Mcubes" unique_id=1263086551 instance=ExtResource("2_2cirn")]
transform = Transform3D(1, 0, 0, 0, 5, 0, 0, 0, 60, -10.5, 0, 0)

[node name="Wall WEST" parent="Environment/1Mcubes" unique_id=654239402 instance=ExtResource("2_2cirn")]
transform = Transform3D(1, 0, 0, 0, 5, 0, 0, 0, 60, 10.5, 0, -0.0074539185)

[node name="Map center" parent="Environment/1Mcubes" unique_id=1995818406 instance=ExtResource("2_2cirn")]
transform = Transform3D(1.5, 0, 0, 0, 1, 0, 0, 0, 1.5, 31.045214, -0.5, 4.4677563)

[node name="Base P1" parent="Environment/1Mcubes" unique_id=1825699820 instance=ExtResource("2_2cirn")]
transform = Transform3D(3, 0, 0, 0, 1, 0, 0, 0, 3, 31.045214, -0.95, 31.967756)

[node name="Base P2" parent="Environment/1Mcubes" unique_id=1405443676 instance=ExtResource("2_2cirn")]
transform = Transform3D(3, 0, 0, 0, 1, 0, 0, 0, 3, 31.045214, -0.95, -23.032244)

[node name="Maze" type="Node3D" parent="Environment/1Mcubes" unique_id=511403856]

[node name="Wall" parent="Environment/1Mcubes/Maze" unique_id=983458689 instance=ExtResource("2_2cirn")]
transform = Transform3D(1, 0, 0, 0, 1, 0, 0, 0, 1, 31.045214, 0, 12.80187)

[node name="2Mcubes" type="Node3D" parent="Environment" unique_id=1735982692]

[node name="4Mcubes" type="Node3D" parent="Environment" unique_id=2028219104]

[node name="5Mcubes" type="Node3D" parent="Environment" unique_id=659585127]
transform = Transform3D(1, 0, 0, 0, 1, 0, 0, 0, 1, 26.139656, 0, 0)

[node name="1cubic16" parent="Environment/5Mcubes" unique_id=278094469 instance=ExtResource("2_2cirn")]
transform = Transform3D(6.9999976, -0.0013496358, 0.0006326058, 0.004723681, 1.9999995, 1.0255432e-05, -0.0044282884, -1.9657078e-05, 0.99999976, 1.1746864, 0.0014833787, -9.7929735)

[node name="1cubic17" parent="Environment/5Mcubes" unique_id=22141636 instance=ExtResource("2_2cirn")]
transform = Transform3D(-0.0031634022, -0.0013496355, 0.9999996, -5.122442e-05, 1.9999995, 0.0006748114, -4.999999, -1.963588e-05, -0.0006326872, -2.837862, -0.0012040241, -7.6244154)

[node name="1cubic14" parent="Environment/5Mcubes" unique_id=531821247 instance=ExtResource("2_2cirn")]
transform = Transform3D(7, 0, 0, 0, 3, 0, 0, 0, 1, 5.1721, 0, 23.098122)

[node name="1cubic15" parent="Environment/5Mcubes" unique_id=555431475 instance=ExtResource("2_2cirn")]
transform = Transform3D(-2.1855695e-07, 0, 1, 0, 3, 0, -5, 0, -4.371139e-08, 1.1581764, -9.536743e-07, 25.264141)

[node name="1cubic27" parent="Environment/5Mcubes" unique_id=1907036269 instance=ExtResource("2_2cirn")]
transform = Transform3D(4, 0, 0, 0, 3, 0, 0, 0, 1, 1.4395332, -3.8146973e-06, 15.775654)

[node name="1cubic28" parent="Environment/5Mcubes" unique_id=1934797099 instance=ExtResource("2_2cirn")]
transform = Transform3D(4, 0, 0, 0, 2, 0, 0, 0, 1, 12.807846, -3.8146973e-06, -12.76734)

[node name="1cubic29" parent="Environment/5Mcubes" unique_id=2140786793 instance=ExtResource("2_2cirn")]
transform = Transform3D(4, 0, 0, 0, 2, 0, 0, 0, 1, 5.392494, -3.8146973e-06, -12.76734)

[node name="1cubic30" parent="Environment/5Mcubes" unique_id=1397204469 instance=ExtResource("2_2cirn")]
transform = Transform3D(4, 0, 0, 0, 2, 0, 0, 0, 1, -1.3519936, -3.8146973e-06, -12.76734)

[node name="1cubic31" parent="Environment/5Mcubes" unique_id=191259991 instance=ExtResource("2_2cirn")]
transform = Transform3D(4, 0, 0, 0, 3, 0, 0, 0, 1, 8.854885, -3.8146973e-06, -16.583288)

[node name="1cubic32" parent="Environment/5Mcubes" unique_id=428990637 instance=ExtResource("2_2cirn")]
transform = Transform3D(4, 0, 0, 0, 3, 0, 0, 0, 1, 1.4395332, -3.8146973e-06, -16.583288)

[node name="1cubic19" parent="Environment/5Mcubes" unique_id=1971619385 instance=ExtResource("2_2cirn")]
transform = Transform3D(-2.1855695e-07, 0, 1, 0, 2, 0, -5, 0, -4.371139e-08, 11.612904, -9.536743e-07, 4.9668274)

[node name="1cubic20" parent="Environment/5Mcubes" unique_id=451820795 instance=ExtResource("2_2cirn")]
transform = Transform3D(-0.0044287625, -0.0013496355, 0.9999996, -7.171418e-05, 1.9999995, 0.0006748114, -6.999998, -1.963588e-05, -0.0006326872, -1.6518879, -0.0002803095, 4.846982)

[node name="1cubic22" parent="Environment/5Mcubes" unique_id=92389058 instance=ExtResource("2_2cirn")]
transform = Transform3D(-3.059797e-07, -1, -1.7484555e-07, 6.997592, -3.911027e-08, -0.02622929, 0.18360505, -1.7593192e-07, 0.99965596, 11.744114, 1.1929898, 0.3074665)

[node name="1cubic21" parent="Environment/5Mcubes" unique_id=453024320 instance=ExtResource("2_2cirn")]
transform = Transform3D(-3.059797e-07, 0, 1, 0, 2, 0, -7, 0, -4.371139e-08, 11.523922, -3.0517578e-05, -6.4767685)

[node name="1cubic12" parent="Environment/5Mcubes" unique_id=2139568358 instance=ExtResource("2_2cirn")]
transform = Transform3D(6.999955, 0.0005670802, -0.0035739618, -0.0012980142, 2.9999986, 0.0010059148, 0.02501905, -0.0030157352, 0.99999297, 4.2079086, 0, -23.768864)

[node name="1cubic13" parent="Environment/5Mcubes" unique_id=1142256097 instance=ExtResource("2_2cirn")]
transform = Transform3D(-2.1855695e-07, 0, 1, 0, 3, 0, -5, 0, -4.371139e-08, 7.693451, -9.536743e-07, -25.882938)

[node name="GameView" parent="." unique_id=1430353953 instance=ExtResource("3_h8xtk")]

[node name="Player3D2" parent="GameView/HBoxContainer/SubViewportContainer/SubViewport" parent_id_path=PackedInt32Array(1430353953, 1665233511) index="0" unique_id=1246661715]
transform = Transform3D(1, 0, 0, 0, 1, 0, 0, 0, 1, 33.436157, 0, -6.8145003)

[node name="Player3D2" parent="GameView/HBoxContainer/SubViewportContainer2/SubViewport" parent_id_path=PackedInt32Array(1430353953, 754812516) index="0" unique_id=1241094078]
transform = Transform3D(1, 0, 0, 0, 1, 0, 0, 0, 1, 29.47493, 0, 6.2103286)

[node name="SM_Wall3" parent="." unique_id=502107099 instance=ExtResource("4_o7lpm")]
transform = Transform3D(1, 0, 0, 0, 1, 0, 0, 0, 1, 31.547752, 0.011796936, 6.923512)

[node name="SM_Wall4" parent="." unique_id=1350236865 instance=ExtResource("4_o7lpm")]
transform = Transform3D(1, 0, 0, 0, 1, 0, 0, 0, 1, 33.117657, 0.011796936, 6.923512)

[node name="SM_Wall5" parent="." unique_id=2067350147 instance=ExtResource("4_o7lpm")]
transform = Transform3D(1, 0, 0, 0, 1, 0, 0, 0, 1, 34.700874, 0.011796936, 6.923512)

[node name="SM_Wall6" parent="." unique_id=726906073 instance=ExtResource("4_o7lpm")]
transform = Transform3D(1, 0, 0, 0, 1, 0, 0, 0, 1, 36.28409, 0.011796936, 6.923512)

[node name="SmMetalContainerA" type="MeshInstance3D" parent="." unique_id=592213256]
transform = Transform3D(-0.16160403, 0, -0.9868557, 0, 1, 0, 0.9868557, 0, -0.16160403, 33.95853, 0.0011966825, 7.7152524)
mesh = ExtResource("5_y0qf7")

[node name="StaticBody3D" type="StaticBody3D" parent="SmMetalContainerA" unique_id=1671657740]

[node name="CollisionShape3D" type="CollisionShape3D" parent="SmMetalContainerA/StaticBody3D" unique_id=823560628]
transform = Transform3D(1, 0, 0, 0, 1, 0, 0, 0, 1, -0.013044834, 0.80246675, 0.008651733)
shape = SubResource("BoxShape3D_8thdg")

[node name="SmMetalContainerA5" type="MeshInstance3D" parent="." unique_id=1537716324]
transform = Transform3D(0.35756922, 0, -0.93388665, 0, 1, 0, 0.93388665, 0, 0.35756922, 33.26398, 0.0011966825, 16.532347)
mesh = ExtResource("5_y0qf7")

[node name="SmMetalContainerA6" type="MeshInstance3D" parent="." unique_id=689019289]
transform = Transform3D(-0.9406382, 0, -0.339411, 0, 1, 0, 0.339411, 0, -0.9406382, 35.495018, 0.0011966825, 17.194242)
mesh = ExtResource("5_y0qf7")

[node name="SmMetalContainerA4" type="MeshInstance3D" parent="." unique_id=1983242700]
transform = Transform3D(0.5310583, 0, -0.8473352, 0, 1, 0, 0.8473352, 0, 0.5310583, 38.23788, 0.0011966825, 13.108969)
mesh = ExtResource("5_y0qf7")

[node name="SmMetalContainerA2" type="MeshInstance3D" parent="." unique_id=571648831]
transform = Transform3D(-0.16160403, 0, -0.9868557, 0, 1, 0, 0.9868557, 0, -0.16160403, 25.771198, 0.0011966825, 11.968451)
mesh = ExtResource("5_y0qf7")

[node name="SmMetalContainerA3" type="MeshInstance3D" parent="." unique_id=1106028367]
transform = Transform3D(0.9964032, 0, 0.08473857, 0, 1, 0, -0.08473857, 0, 0.9964032, 24.081545, 0.0011962056, 12.256741)
mesh = ExtResource("5_y0qf7")

[node name="SmMetalWavySheetA001" type="MeshInstance3D" parent="." unique_id=1355664822]
transform = Transform3D(1, 0, 0, 0, 0.1779607, 0.9840376, 0, -0.9840376, 0.1779607, 24.600819, 1.3697472, 11.228564)
mesh = ExtResource("6_sxf7r")

[node name="SmMetalWavySheetA002" type="MeshInstance3D" parent="." unique_id=788132582]
transform = Transform3D(0.74916387, -0.6413383, -0.16564643, 7.450581e-09, -0.25007588, 0.96822625, -0.66238475, -0.7253601, -0.1873478, 36.758686, 1.3785446, 12.784151)
mesh = ExtResource("6_sxf7r")

[node name="SmTrashContainerA" type="MeshInstance3D" parent="." unique_id=2144702916]
transform = Transform3D(0.2631828, 0, 0.964746, 0, 1, 0, -0.964746, 0, 0.2631828, 32.614, 0, 11.860332)
mesh = ExtResource("7_r12iq")

[node name="SmTrashContainerA2" type="MeshInstance3D" parent="." unique_id=1053196723]
transform = Transform3D(-0.26974344, 0, 0.9629322, 0, 1, 0, -0.9629322, 0, -0.26974344, 30.485468, -4.7683716e-07, 12.476601)
mesh = ExtResource("7_r12iq")

[node name="SmWheelieBinA" type="MeshInstance3D" parent="." unique_id=325241526]
transform = Transform3D(1, 0, 0, 0, 1, 0, 0, 0, 1, 31.527264, 0.0038089156, 11.471371)
mesh = ExtResource("8_8283u")

[node name="SmWheelieBinA2" type="MeshInstance3D" parent="." unique_id=803691267]
transform = Transform3D(0.68783534, 0, 0.7258668, 0, 1, 0, -0.7258668, 0, 0.68783534, 36.615353, 0.0038086772, 12.521156)
mesh = ExtResource("8_8283u")

[node name="SM_Garbage_bags" parent="." unique_id=1390096053 instance=ExtResource("9_oodvo")]
transform = Transform3D(1, 0, 0, 0, 1, 0, 0, 0, 1, 31.368757, 0.012716915, 12.5255785)

[node name="SmMetalBarrelA" type="MeshInstance3D" parent="." unique_id=822733860]
transform = Transform3D(1, 0, 0, 0, 1, 0, 0, 0, 1, 34.5739, 0.0005065203, 16.047379)
mesh = ExtResource("10_xsqcr")

[node name="SmMetalWavySheetB" type="MeshInstance3D" parent="." unique_id=827337020]
transform = Transform3D(0.94240296, 0.22279485, -0.24947795, 0.08532801, 0.561052, 0.8233708, 0.3234129, -0.79723465, 0.5097265, 34.616398, 0.48102868, 15.314187)
mesh = ExtResource("11_l7m7l")

[editable path="GameView"]
