[gd_scene format=3 uid="uid://b77efs8cl4rrw"]

[ext_resource type="PackedScene" uid="uid://dkj4i0kdlkymy" path="res://Assets/Props/walls/SM_Wall_2.fbx" id="1_ex3pc"]
[ext_resource type="PackedScene" uid="uid://7nxxv46rhtxt" path="res://Assets/Props/walls/SM_Wall_6.fbx" id="2_olq0n"]

[node name="Node3D" type="Node3D" unique_id=297087048]

[node name="SM_Wall_7" parent="." unique_id=1032995589 instance=ExtResource("1_ex3pc")]
transform = Transform3D(0.9495327, 0.14557487, -0.27784154, -0.006333871, 0.89449847, 0.44702587, 0.31360486, -0.422706, 0.8502774, -0.26708174, -0.051455528, -1.2341642)

[node name="SM_Wall_12" parent="." unique_id=513105214 instance=ExtResource("1_ex3pc")]
transform = Transform3D(0.5366894, 0.3910174, -0.7477097, -0.016251205, 0.89076835, 0.45416594, 0.8436236, -0.23159495, 0.48442063, 0.772593, -0.06827201, -0.37113667)

[node name="SM_Wall_13" parent="." unique_id=226323001 instance=ExtResource("1_ex3pc")]
transform = Transform3D(-0.13243887, 0.5490055, -0.8252596, -0.03920633, 0.8290402, 0.5578125, 0.9904157, 0.10623168, -0.08827289, 0.98243666, -0.08802451, 0.66332483)

[node name="SM_Wall_14" parent="." unique_id=840259060 instance=ExtResource("2_olq0n")]
transform = Transform3D(0.9495327, -0.1757494, -0.25980783, -0.0063339337, 0.8173758, -0.57606965, 0.31360486, 0.5486422, 0.77501214, 0.7123132, -0.005456418, -2.960704)

[node name="SM_Wall_15" parent="." unique_id=993443108 instance=ExtResource("2_olq0n")]
transform = Transform3D(0.5366894, -0.47331813, -0.69852316, -0.016251223, 0.8218975, -0.5694025, 0.84362364, 0.31694418, 0.4334119, 2.5756516, -0.033723265, -1.5124207)

[node name="SM_Wall_16" parent="." unique_id=235306093 instance=ExtResource("2_olq0n")]
transform = Transform3D(-0.13136443, -0.55614513, -0.8206376, -0.018795986, 0.8290595, -0.558844, 0.9911562, -0.057987902, -0.11936251, 3.2179704, -0.07667695, 0.73330283)
